((("defined" .
   [1 0 0 0 0 0 0])
  ("defined?" .
   [1 0 0 0 0 0 0 0])
  ("variable" .
   [0 0 0 1 0 0 0 0])
  ("var" .
   [0 0 1])
  ("a" .
   [1])
  ("Sudoku" .
   [0 0 0 0 1 0])
  ("def" .
   [2 0 2])
  ("<=>" .
   [0 0 1])
  ("to_s" .
   [0 0 1 1])
  ("Integer" .
   [0 0 0 0 1 0 3])
  ("get" .
   [1 0 0])
  ("if" .
   [0 1])
  ("top" .
   [1 0 0])
  ("setnu" .
   [1 0 0 0 0])
  ("using" .
   [1 0 0 0 0])
  ("public" .
   [1 0 0 0 0 0])
  ("void" .
   [1 0 0 0])
  ("Include" .
   [1 0 0 0 0 0 0])
  ("begin" .
   [1 0 0 0 0])))
